15.688167733136634
15.71202969959298
15.73062008129404
15.789499833599958
15.937642193498977
15.989410773048949
16.007182991192952
15.99922343278344
16.00354261854263
16.000282133582214
16.001569344666272
15.995626362963547
15.98383523530909
16.00057427917347
16.007523721390434
16.002297039316304
16.002896561673346
16.018762630302867
16.01033836877393
16.014401585234236
16.01431593952078
16.017838902684854
16.007011985920904
16.012056219391578
16.029383631368162
16.02620034991004
16.018640389716204
16.022539766748128
16.001577786653897
16.014529894140388
16.02895067253938
16.026910955243224
16.021921868359208
16.011781200462455
16.014237785210504
16.01727544057525
16.022258863287437
16.014533802085342
16.01908079793494
16.016318797859235
16.027317907528932
16.04088966969197
16.059929487509464
16.06177768817759
16.071317553319922
16.081772658466782
16.090240333665577
16.08862941932949
16.109257240648446
16.098868657450986
16.111308039090844
16.11287309013249
16.114025839919957
16.1239491333703
16.129194979052844
16.130289860061346
16.14095513236204
16.1482778140172
16.150374006616232
16.15489904950507
16.162101096581228
16.163665688300448
16.16340516471692
16.171820591477356
16.170966700941477
16.17462012567863
16.176078368104918
16.182698826055976
16.186998799605345
16.18613954835515
16.18686359856844
16.196784766624816
16.194571691375465
16.2016542414494
16.198830436332216
16.203669891513957
16.201984054362704
16.210581621302598
16.216887444031457
16.20854301018117
16.21213549137694
16.214107594044897
16.217853815986654
16.22150012057182
16.218769542622194
16.227685350252194
16.21978105962522
16.230281559353365
16.229134834426493
16.239356182245658
16.240085386753815
16.23768832146842
16.23737943976352
16.248119882495992
16.251339429308512
16.25288111870045
16.25508212162311
16.25720468870155
16.256801785988227
16.264449883343186
