28.809394266096344
29.620708687361628
29.35801079378765
30.469115941066377
30.687008199621996
30.849688035692274
31.04909866737021
31.266384532786347
31.06426592484413
31.90199014128822
32.197300506824796
32.431584511108575
32.7079526930055
32.902030237865326
33.11223781450488
33.31179521542394
33.492432478926865
33.62251019159865
33.81941782469574
34.01363523955481
34.13994830097404
34.22230683336358
34.16348840019227
34.31780581669048
34.33602345184618
34.31704570803567
34.324424519369735
34.34650893616009
34.374980898716515
34.376547493914906
34.37379010619506
34.371157848672254
34.34314647652451
34.36766202827828
34.32736258176987
34.37377755124711
34.38820058387753
34.348651237266914
34.39237909738356
34.37528231099202
34.37460765093262
34.393292632414195
34.37702630790811
34.38481968776364
34.393551175295805
34.39435072371182
34.39734771210305
34.394891080356714
34.401634720584525
34.40760287949143
34.41451345064887
34.41420085515463
34.422296160664445
34.42184265580813
34.42366048720875
34.420796178368505
34.4330658173669
34.43718299341337
34.42293171138096
34.441825509078306
34.435522919866116
34.44503412323056
34.44787331667024
34.44516813284123
34.4522524187308
34.45260327865253
34.455254820964676
34.43537576578956
34.44881208437754
34.459775837186825
34.45946067828365
34.461606772251145
34.462510071173185
34.46424387792
34.45794638484396
34.46474741679674
34.45169635671593
34.462003232568016
34.46768791051139
34.46932111124451
34.46964126491715
34.44978654545358
34.46837861317571
34.464448277751266
34.474229398470435
34.47133940086011
34.46973111183685
34.46306182369326
34.475617994764804
34.47771779579371
34.47624068699557
34.47929188379056
34.47504037044776
34.48085438908428
34.481015961041216
34.481134641617544
34.480383291012274
34.47865446303641
34.47958418535506
34.47291117830461
34.47889955882534
34.4803961579591
34.48362196029088
34.48493914254337
34.48501070109153
34.48541860733188
34.48179244819226
34.485089416856354
34.48273500125802
34.488174767293145
34.488121775260865
34.48722172558377
34.48681007051926
34.482993917350974
34.48982715409113
34.48781457743466
34.485301240908825
34.484387465723096
34.489955388976114
34.49194960628202
