0.7163771977542441
0.717836446120169
0.718015661646891
0.7184639465326956
0.718691363542728
0.7190669103576821
0.719205309239889
0.719671037626733
0.7198694039840347
0.720167205922388
0.7201329156728337
0.7205052831762981
0.7203404511276816
0.7203220274183836
0.7204058694658352
0.7204510022261519
0.7203760375226065
0.7204475360468972
0.7206947827250122
0.7207938601852465
0.7209041736102557
0.7209292005829182
0.7210785902394646
0.721005345676196
0.7211098767148875
0.721310851605122
0.7212965025285738
0.7213097612522269
0.7212417768090013
0.7212905765647765
0.7212092508497996
0.7213104481908115
0.7214495761168701
0.7213325095017119
0.721383027865743
0.7213734862359419
0.7212602777614352
0.7215010746465275
0.7213326806850471
0.721394145244627
0.7214486730252136
0.7213102710246042
0.7213750947423386
0.721374800805401
0.721326722216098
0.7213446875286141
0.721431095150769
0.7213689217978633
0.7217155542407283
0.7220827139273156
0.7224041088417321
0.7226379727225525
0.7228834726524637
0.7230851957683816
0.7232527919676074
0.7235194193150627
0.7236016016510749
0.7237766730099725
0.7239850808204865
0.72405219742608
0.7241807978597343
0.7242531639675307
0.7244559778195339
0.7244900542870921
0.7246281642766399
0.7246572206308673
0.7247840067516148
0.7249794474119814
0.7249142361714029
0.7250266121159423
0.725069488323992
0.7251344734362877
0.7252399582707345
0.725287507906363
0.725351608774505
0.7253953548961405
0.7255278235889103
0.7255346014665681
0.7255465967637968
0.7255954237765557
0.7256483292425574
0.7257677210351333
0.7256635463757963
0.7259787938726209
0.7258357907283156
0.7258987669489956
0.7259518871918146
0.7261714610390202
0.7259696683928795
0.7260121022527652
0.7260027756653681
0.7260891998241161
0.7261407381737335
0.7261765536026045
0.726177796079017
0.7262132226290128
0.7262449342318774
0.7263131354979394
0.7263131441560927
0.7265372949529607
0.7263499854228467
0.7263689156028332
0.7264098175526469
0.7264450791798016
0.7264664397010918
0.7265265920753345
0.7265815843316727
0.7265050692223411
0.7266439252662724
0.7266038901456855
0.7265826344225338
0.7266706668291693
0.7266961769671012
0.7267850077011571
0.7266608633822509
0.7266678292156884
0.7267098474788045
0.7267192655225079
0.7267631197490624
0.7267729917665425
