0.04034623954899382
0.042200664466001764
0.04754758934505045
0.061803895695801615
0.09429494329865257
0.10768819013143605
0.11207139335142313
0.11100786864610612
0.1117409615229162
0.11125390909968266
0.11156755835741386
0.11053788889998642
0.10954755626347773
0.11210660430755258
0.11340469313429156
0.11209018779174237
0.11286084005532483
0.1169959174682392
0.11486600336117736
0.11559435472054189
0.11543210700069605
0.11629185198156418
0.11366724342037618
0.11507133118858791
0.11957246704164616
0.11883325029456547
0.11669876913070579
0.11825149070968666
0.1127119915578155
0.11610624031124969
0.11997098082949072
0.11968575149353407
0.11791102658701016
0.1154775264053783
0.11679653193089301
0.11723813922356435
0.11836467766023509
0.1171221389093515
0.11838843679741075
0.11756131317310925
0.11980727627675551
0.12293259844137035
0.1271294425668609
0.12781370944128764
0.129659043438374
0.13226742544544673
0.13410370943850983
0.1333746417213944
0.13816094139184912
0.13590167237306622
0.1384427899902937
0.1389667070543531
0.13979306058464402
0.1441269294912518
0.1424341707755284
0.1427035670016008
0.14590367542135643
0.14779796276688054
0.147677967297827
0.14830689484530646
0.15042106647594938
0.15102806483447814
0.150734868379291
0.15195843375918194
0.15224291643732737
0.15285182267750816
0.15342585828646774
0.15502972823625502
0.15627760253987738
0.1558075815565227
0.15604030820003198
0.15787046536848834
0.15719003679465446
0.15888056892162297
0.15871666649357466
0.15964559407422063
0.15928533674557319
0.16114452838259602
0.16222090823610597
0.16057954093113386
0.1616696853977891
0.16195159309815713
0.16283821672327542
0.16350923400244877
0.1629971841587794
0.16468024621654612
0.1634673276433731
0.1652585779824274
0.16509565766338047
0.16790297153491535
0.16817871639361656
0.1670724413580842
0.1672552645741849
0.16976356726794428
0.17022476909677398
0.17096175474978925
0.17126078527401148
0.17155452721271452
0.17114242617152892
0.17305735649277226
